0.000000000000000000e+00 8.580000000000000000e+02 1.000000000000000000e+00
0.000000000000000000e+00 5.920000000000000000e+02 1.000000000000000000e+00
0.000000000000000000e+00 7.260000000000000000e+02 1.000000000000000000e+00
0.000000000000000000e+00 7.590000000000000000e+02 1.000000000000000000e+00
0.000000000000000000e+00 8.300000000000000000e+02 1.000000000000000000e+00
0.000000000000000000e+00 9.380000000000000000e+02 1.000000000000000000e+00
0.000000000000000000e+00 1.024000000000000000e+03 1.000000000000000000e+00
1.000000000000000000e+00 1.139000000000000000e+03 3.565732891613823119e-01
0.000000000000000000e+00 1.147000000000000000e+03 1.000000000000000000e+00
0.000000000000000000e+00 1.146000000000000000e+03 1.000000000000000000e+00
2.000000000000000000e+00 1.271000000000000000e+03 6.390825749092281516e-01
0.000000000000000000e+00 1.205000000000000000e+03 1.000000000000000000e+00
1.000000000000000000e+00 1.294000000000000000e+03 3.138616509697175205e-01
0.000000000000000000e+00 1.341000000000000000e+03 1.000000000000000000e+00
0.000000000000000000e+00 1.347000000000000000e+03 1.000000000000000000e+00
0.000000000000000000e+00 1.415000000000000000e+03 1.000000000000000000e+00
0.000000000000000000e+00 1.465000000000000000e+03 1.000000000000000000e+00
1.000000000000000000e+00 1.497000000000000000e+03 2.713005854073576861e-01
1.000000000000000000e+00 1.504000000000000000e+03 2.700378832146372865e-01
0.000000000000000000e+00 1.624000000000000000e+03 1.000000000000000000e+00
2.000000000000000000e+00 1.802000000000000000e+03 4.507624598832569163e-01
1.000000000000000000e+00 1.964000000000000000e+03 2.067907211582558080e-01
2.000000000000000000e+00 2.004000000000000000e+03 4.053263237073996272e-01
2.000000000000000000e+00 2.099000000000000000e+03 3.869813971937250408e-01
1.000000000000000000e+00 2.339000000000000000e+03 1.736370142602883526e-01
2.000000000000000000e+00 2.524000000000000000e+03 3.218201080466041586e-01
4.000000000000000000e+00 2.927000000000000000e+03 5.550214914312462389e-01
4.000000000000000000e+00 3.363000000000000000e+03 4.830650923042693057e-01
1.000000000000000000e+00 3.948000000000000000e+03 1.028715745579570628e-01
6.000000000000000000e+00 4.888000000000000000e+03 4.985314767039457640e-01
7.000000000000000000e+00 6.099000000000000000e+03 4.661352409384655338e-01
1.800000000000000000e+01 7.651000000000000000e+03 9.554915141009880930e-01
2.600000000000000000e+01 1.000500000000000000e+04 1.055428424310362434e+00
1.600000000000000000e+01 1.303100000000000000e+04 4.986717536395542938e-01
3.200000000000000000e+01 1.751300000000000000e+04 7.420991973593367153e-01
4.900000000000000000e+01 2.336000000000000000e+04 8.519140343059036224e-01
6.100000000000000000e+01 3.088000000000000000e+04 8.022783535506374797e-01
8.200000000000000000e+01 4.095600000000000000e+04 8.131465978390171045e-01
1.160000000000000000e+02 5.366600000000000000e+04 8.778721957507262807e-01
1.520000000000000000e+02 6.945800000000000000e+04 8.887791241603818504e-01
1.790000000000000000e+02 8.849800000000000000e+04 8.214707537742297339e-01
2.420000000000000000e+02 1.121420000000000000e+05 8.764347726798620286e-01
3.450000000000000000e+02 1.405500000000000000e+05 9.969210732295339383e-01
4.050000000000000000e+02 1.736770000000000000e+05 9.470769038139755791e-01
4.590000000000000000e+02 2.101880000000000000e+05 8.869053996748617053e-01
5.370000000000000000e+02 2.516250000000000000e+05 8.667483608645220050e-01
6.350000000000000000e+02 2.965760000000000000e+05 8.695814225874890502e-01
7.670000000000000000e+02 3.439900000000000000e+05 9.055701062942024260e-01
9.120000000000000000e+02 3.959230000000000000e+05 9.355276718846613493e-01
1.051000000000000000e+03 4.491690000000000000e+05 9.503103779399513229e-01
1.170000000000000000e+03 5.041860000000000000e+05 9.424701644534614342e-01
1.341000000000000000e+03 5.575890000000000000e+05 9.767583027853961042e-01
1.478000000000000000e+03 6.138040000000000000e+05 9.779513510052326719e-01
1.630000000000000000e+03 6.670360000000000000e+05 9.924550870692850912e-01
1.732000000000000000e+03 7.176060000000000000e+05 9.802443723248392971e-01
1.943000000000000000e+03 7.671970000000000000e+05 1.028580853493176406e+00
1.942000000000000000e+03 8.126050000000000000e+05 9.706044241434025333e-01
2.070000000000000000e+03 8.548230000000000000e+05 9.834825935362828675e-01
2.183000000000000000e+03 8.977920000000000000e+05 9.875305409076490237e-01
2.401000000000000000e+03 9.367850000000000000e+05 1.040937760775321408e+00
2.557000000000000000e+03 9.713880000000000000e+05 1.069080788046857355e+00
2.576000000000000000e+03 1.005255000000000000e+06 1.040739763632115400e+00
2.658000000000000000e+03 1.035976000000000000e+06 1.042024219818892261e+00
2.786000000000000000e+03 1.068296000000000000e+06 1.059161146465505077e+00
2.822000000000000000e+03 1.096472000000000000e+06 1.045278445116050836e+00
2.962000000000000000e+03 1.122565000000000000e+06 1.071633022553669878e+00
3.151000000000000000e+03 1.144272000000000000e+06 1.118385849250895125e+00
3.133000000000000000e+03 1.158142000000000000e+06 1.098679736094221315e+00
3.129000000000000000e+03 1.162895000000000000e+06 1.092792211690835735e+00
3.124000000000000000e+03 1.154656000000000000e+06 1.098831092665209841e+00
3.112000000000000000e+03 1.142426000000000000e+06 1.106328348983814047e+00
3.089000000000000000e+03 1.121345000000000000e+06 1.118796730676127282e+00
2.876000000000000000e+03 1.091384000000000000e+06 1.070246534671982053e+00
2.829000000000000000e+03 1.056341000000000000e+06 1.087680499107551491e+00
2.742000000000000000e+03 1.021620000000000000e+06 1.090060481553710048e+00
2.523000000000000000e+03 9.832480000000000000e+05 1.042141546530678697e+00
2.520000000000000000e+03 9.435610000000000000e+05 1.084683640394349169e+00
2.287000000000000000e+03 9.077170000000000000e+05 1.023265252191443597e+00
2.242000000000000000e+03 8.771560000000000000e+05 1.038081140626631926e+00
2.127000000000000000e+03 8.500680000000000000e+05 1.016216759961191762e+00
2.052000000000000000e+03 8.267190000000000000e+05 1.008072967332405812e+00
1.992000000000000000e+03 8.058950000000000000e+05 1.003883703086370316e+00
1.948000000000000000e+03 7.874090000000000000e+05 1.004757159162745994e+00
1.862000000000000000e+03 7.691900000000000000e+05 9.831472717698677144e-01
1.850000000000000000e+03 7.525750000000000000e+05 9.983767813924283585e-01
1.737000000000000000e+03 7.379840000000000000e+05 9.559284861573051906e-01
1.727000000000000000e+03 7.237320000000000000e+05 9.691412818070288537e-01
1.712000000000000000e+03 7.100220000000000000e+05 9.792745908147104661e-01
1.680000000000000000e+03 6.955780000000000000e+05 9.809253890664860753e-01
1.603000000000000000e+03 6.803920000000000000e+05 9.568565960457612318e-01
1.566000000000000000e+03 6.664750000000000000e+05 9.542901158657706162e-01
1.477000000000000000e+03 6.515390000000000000e+05 9.206882689694109168e-01
1.397000000000000000e+03 6.336890000000000000e+05 8.953498576867765513e-01
1.361000000000000000e+03 6.121350000000000000e+05 9.029910474305544721e-01
1.313000000000000000e+03 5.852440000000000000e+05 9.111718359417121382e-01
1.213000000000000000e+03 5.521460000000000000e+05 8.922353006603144232e-01
1.133000000000000000e+03 5.137370000000000000e+05 8.956979820608692577e-01
9.720000000000000000e+02 4.701520000000000000e+05 8.396542841823063652e-01
9.800000000000000000e+02 4.250960000000000000e+05 9.362925946791270659e-01
8.850000000000000000e+02 3.814010000000000000e+05 9.423971727237495655e-01
8.030000000000000000e+02 3.393910000000000000e+05 9.609211558730668123e-01
6.950000000000000000e+02 3.027080000000000000e+05 9.324669270934236032e-01
6.160000000000000000e+02 2.694720000000000000e+05 9.284095469457520622e-01
5.030000000000000000e+02 2.418680000000000000e+05 8.446214427145040116e-01
4.990000000000000000e+02 2.169700000000000000e+05 9.340570180257751209e-01
4.440000000000000000e+02 1.966310000000000000e+05 9.170721681806918157e-01
3.900000000000000000e+02 1.787610000000000000e+05 8.860625123957553972e-01
3.470000000000000000e+02 1.623280000000000000e+05 8.681775836277205727e-01
3.380000000000000000e+02 1.478430000000000000e+05 9.285140183027081884e-01
3.180000000000000000e+02 1.357400000000000000e+05 9.514627853310079209e-01
2.650000000000000000e+02 1.248260000000000000e+05 8.622105870093235147e-01
2.260000000000000000e+02 1.148480000000000000e+05 7.992037881041730296e-01
2.230000000000000000e+02 1.058520000000000000e+05 8.556148747980540925e-01
1.690000000000000000e+02 9.713400000000000000e+04 7.066233142253345312e-01
1.730000000000000000e+02 8.879000000000000000e+04 7.913244386685764908e-01
1.600000000000000000e+02 8.146500000000000000e+04 7.976666816027780937e-01
1.480000000000000000e+02 7.377900000000000000e+04 8.147070643477486440e-01
1.400000000000000000e+02 6.774600000000000000e+04 8.392993931696930421e-01
1.010000000000000000e+02 6.097700000000000000e+04 6.727099498472581818e-01
1.370000000000000000e+02 5.495900000000000000e+04 1.012404988457024091e+00
9.200000000000000000e+01 4.924000000000000000e+04 7.588261946515624246e-01
7.300000000000000000e+01 4.401000000000000000e+04 6.736650596205738806e-01
6.300000000000000000e+01 3.924900000000000000e+04 6.519052589964918765e-01
5.900000000000000000e+01 3.480100000000000000e+04 6.885457775619681087e-01
4.500000000000000000e+01 3.078700000000000000e+04 5.936325051471936787e-01
3.700000000000000000e+01 2.736100000000000000e+04 5.492148724508656432e-01
3.700000000000000000e+01 2.458500000000000000e+04 6.112291285388705697e-01
3.200000000000000000e+01 2.196900000000000000e+04 5.915782804567373265e-01
3.000000000000000000e+01 1.944700000000000000e+04 6.265289911371643150e-01
2.700000000000000000e+01 1.749600000000000000e+04 6.267545931401456993e-01
1.100000000000000000e+01 1.573300000000000000e+04 2.839577156234004418e-01
1.800000000000000000e+01 1.391500000000000000e+04 5.253658335886928210e-01
1.800000000000000000e+01 1.293500000000000000e+04 5.651693524844731975e-01
1.500000000000000000e+01 1.148700000000000000e+04 5.303434008289559243e-01
1.400000000000000000e+01 1.053300000000000000e+04 5.398193932371976311e-01
7.000000000000000000e+00 9.839000000000000000e+03 2.889479453688079680e-01
8.000000000000000000e+00 8.862000000000000000e+03 3.666323415525294394e-01
5.000000000000000000e+00 8.171000000000000000e+03 2.485234220749078793e-01
7.000000000000000000e+00 7.648000000000000000e+03 3.717257890276806087e-01
7.000000000000000000e+00 7.074000000000000000e+03 4.018884414028415231e-01
5.000000000000000000e+00 6.548000000000000000e+03 3.101229202464985124e-01
7.000000000000000000e+00 6.187000000000000000e+03 4.595052261974625907e-01
4.000000000000000000e+00 5.942000000000000000e+03 2.734008592088956191e-01
2.000000000000000000e+00 5.476000000000000000e+03 1.483334464407649600e-01
5.000000000000000000e+00 5.302000000000000000e+03 3.830035612550117263e-01
5.000000000000000000e+00 4.606000000000000000e+03 4.408781766769588328e-01
3.000000000000000000e+00 4.073000000000000000e+03 2.991433658395392658e-01
0.000000000000000000e+00 3.443000000000000000e+03 1.000000000000000000e+00
2.000000000000000000e+00 2.865000000000000000e+03 2.835162138602544402e-01
2.000000000000000000e+00 2.294000000000000000e+03 3.540862915037615299e-01
1.000000000000000000e+00 1.884000000000000000e+03 2.155716435004323139e-01
1.000000000000000000e+00 1.558000000000000000e+03 2.606784187129745911e-01
3.000000000000000000e+00 1.263000000000000000e+03 9.646959058309132473e-01
3.000000000000000000e+00 9.720000000000000000e+02 1.253509186280291399e+00
2.000000000000000000e+00 7.430000000000000000e+02 1.093235467980657960e+00
0.000000000000000000e+00 6.060000000000000000e+02 1.000000000000000000e+00
0.000000000000000000e+00 4.400000000000000000e+02 1.000000000000000000e+00
1.000000000000000000e+00 3.440000000000000000e+02 1.180630745217483790e+00
0.000000000000000000e+00 2.550000000000000000e+02 1.000000000000000000e+00
0.000000000000000000e+00 1.980000000000000000e+02 1.000000000000000000e+00
0.000000000000000000e+00 1.470000000000000000e+02 1.000000000000000000e+00
0.000000000000000000e+00 1.150000000000000000e+02 1.000000000000000000e+00
1.000000000000000000e+00 8.000000000000000000e+01 5.076712204435181341e+00
0.000000000000000000e+00 5.400000000000000000e+01 1.000000000000000000e+00
0.000000000000000000e+00 4.300000000000000000e+01 1.000000000000000000e+00
0.000000000000000000e+00 2.400000000000000000e+01 1.000000000000000000e+00
0.000000000000000000e+00 1.900000000000000000e+01 1.000000000000000000e+00
0.000000000000000000e+00 1.500000000000000000e+01 1.000000000000000000e+00
0.000000000000000000e+00 1.200000000000000000e+01 1.000000000000000000e+00
0.000000000000000000e+00 4.000000000000000000e+00 1.000000000000000000e+00
0.000000000000000000e+00 3.000000000000000000e+00 1.000000000000000000e+00
0.000000000000000000e+00 5.000000000000000000e+00 1.000000000000000000e+00
0.000000000000000000e+00 1.000000000000000000e+00 1.000000000000000000e+00
0.000000000000000000e+00 3.000000000000000000e+00 1.000000000000000000e+00
0.000000000000000000e+00 4.000000000000000000e+00 1.000000000000000000e+00
0.000000000000000000e+00 0.000000000000000000e+00 1.000000000000000000e+00
0.000000000000000000e+00 2.000000000000000000e+00 1.000000000000000000e+00
0.000000000000000000e+00 2.000000000000000000e+00 1.000000000000000000e+00
0.000000000000000000e+00 0.000000000000000000e+00 1.000000000000000000e+00
0.000000000000000000e+00 1.000000000000000000e+00 1.000000000000000000e+00
0.000000000000000000e+00 3.000000000000000000e+00 1.000000000000000000e+00
